"template_id","template_text"
"lmsys-21492","Write a paragraph on X."
"wildchat-81858","can you write me a blog post about X?"
"lmsys-364390","write a short article about X"
"lmsys-17228","In a simple paragraph explain X."
